// Cold Denial
dimwishlist:item=1216130969&perks=839105230,1885400500,2387244414,460017080
dimwishlist:item=1216130969&perks=4090651448,1885400500,2387244414,460017080
dimwishlist:item=1216130969&perks=1840239774,1885400500,2387244414,460017080
dimwishlist:item=1216130969&perks=1482024992,1885400500,2387244414,460017080
dimwishlist:item=1216130969&perks=3250034553,1885400500,2387244414,460017080
dimwishlist:item=1216130969&perks=1392496348,1885400500,2387244414,460017080
dimwishlist:item=1216130969&perks=839105230,1561002382,2387244414,460017080
dimwishlist:item=1216130969&perks=4090651448,1561002382,2387244414,460017080
dimwishlist:item=1216130969&perks=1840239774,1561002382,2387244414,460017080
dimwishlist:item=1216130969&perks=1482024992,1561002382,2387244414,460017080
dimwishlist:item=1216130969&perks=3250034553,1561002382,2387244414,460017080
dimwishlist:item=1216130969&perks=1392496348,1561002382,2387244414,460017080
dimwishlist:item=1216130969&perks=839105230,1968497646,2387244414,460017080
dimwishlist:item=1216130969&perks=4090651448,1968497646,2387244414,460017080
dimwishlist:item=1216130969&perks=1840239774,1968497646,2387244414,460017080
dimwishlist:item=1216130969&perks=1482024992,1968497646,2387244414,460017080
dimwishlist:item=1216130969&perks=3250034553,1968497646,2387244414,460017080
dimwishlist:item=1216130969&perks=1392496348,1968497646,2387244414,460017080
dimwishlist:item=1216130969&perks=839105230,679225683,2387244414,460017080
dimwishlist:item=1216130969&perks=4090651448,679225683,2387244414,460017080
dimwishlist:item=1216130969&perks=1840239774,679225683,2387244414,460017080
dimwishlist:item=1216130969&perks=1482024992,679225683,2387244414,460017080
dimwishlist:item=1216130969&perks=3250034553,679225683,2387244414,460017080
dimwishlist:item=1216130969&perks=1392496348,679225683,2387244414,460017080
dimwishlist:item=1216130969&perks=1392496348,3230963543,2387244414,460017080

// Hollow Words
dimwishlist:item=607191995&perks=839105230,689005463,706527188,1546637391
dimwishlist:item=607191995&perks=3661387068,689005463,706527188,1546637391
dimwishlist:item=607191995&perks=1467527085,689005463,706527188,1546637391
dimwishlist:item=607191995&perks=1482024992,689005463,706527188,1546637391
dimwishlist:item=607191995&perks=839105230,2680121939,706527188,1546637391
dimwishlist:item=607191995&perks=3661387068,2680121939,706527188,1546637391
dimwishlist:item=607191995&perks=1467527085,2680121939,706527188,1546637391
dimwishlist:item=607191995&perks=1482024992,2680121939,706527188,1546637391
dimwishlist:item=607191995&perks=839105230,1483536627,706527188,1546637391
dimwishlist:item=607191995&perks=3661387068,1483536627,706527188,1546637391
dimwishlist:item=607191995&perks=1467527085,1483536627,706527188,1546637391
dimwishlist:item=607191995&perks=1482024992,1483536627,706527188,1546637391
dimwishlist:item=607191995&perks=839105230,1687452232,706527188,1546637391
dimwishlist:item=607191995&perks=3661387068,1687452232,706527188,1546637391
dimwishlist:item=607191995&perks=1467527085,1687452232,706527188,1546637391
dimwishlist:item=607191995&perks=1482024992,1687452232,706527188,1546637391
dimwishlist:item=607191995&perks=839105230,3868766766,706527188,1546637391
dimwishlist:item=607191995&perks=3661387068,3868766766,706527188,1546637391
dimwishlist:item=607191995&perks=1467527085,3868766766,706527188,1546637391
dimwishlist:item=607191995&perks=1482024992,3868766766,706527188,1546637391
dimwishlist:item=607191995&perks=839105230,689005463,706527188,1683379515
dimwishlist:item=607191995&perks=3661387068,689005463,706527188,1683379515
dimwishlist:item=607191995&perks=1467527085,689005463,706527188,1683379515
dimwishlist:item=607191995&perks=1482024992,689005463,706527188,1683379515
dimwishlist:item=607191995&perks=839105230,2680121939,706527188,1683379515
dimwishlist:item=607191995&perks=3661387068,2680121939,706527188,1683379515
dimwishlist:item=607191995&perks=1467527085,2680121939,706527188,1683379515
dimwishlist:item=607191995&perks=1482024992,2680121939,706527188,1683379515
dimwishlist:item=607191995&perks=839105230,1483536627,706527188,1683379515
dimwishlist:item=607191995&perks=3661387068,1483536627,706527188,1683379515
dimwishlist:item=607191995&perks=1467527085,1483536627,706527188,1683379515
dimwishlist:item=607191995&perks=1482024992,1483536627,706527188,1683379515
dimwishlist:item=607191995&perks=839105230,1687452232,706527188,1683379515
dimwishlist:item=607191995&perks=3661387068,1687452232,706527188,1683379515
dimwishlist:item=607191995&perks=1467527085,1687452232,706527188,1683379515
dimwishlist:item=607191995&perks=1482024992,1687452232,706527188,1683379515
dimwishlist:item=607191995&perks=839105230,3868766766,706527188,1683379515
dimwishlist:item=607191995&perks=3661387068,3868766766,706527188,1683379515
dimwishlist:item=607191995&perks=1467527085,3868766766,706527188,1683379515
dimwishlist:item=607191995&perks=1482024992,3868766766,706527188,1683379515
dimwishlist:item=607191995&perks=839105230,689005463,1645158859,1600092898
dimwishlist:item=607191995&perks=3661387068,689005463,1645158859,1600092898
dimwishlist:item=607191995&perks=4090651448,689005463,1645158859,1600092898
dimwishlist:item=607191995&perks=1467527085,689005463,1645158859,1600092898
dimwishlist:item=607191995&perks=1840239774,689005463,1645158859,1600092898
dimwishlist:item=607191995&perks=1482024992,689005463,1645158859,1600092898
dimwishlist:item=607191995&perks=839105230,2680121939,1645158859,1600092898
dimwishlist:item=607191995&perks=3661387068,2680121939,1645158859,1600092898
dimwishlist:item=607191995&perks=4090651448,2680121939,1645158859,1600092898
dimwishlist:item=607191995&perks=1467527085,2680121939,1645158859,1600092898
dimwishlist:item=607191995&perks=1840239774,2680121939,1645158859,1600092898
dimwishlist:item=607191995&perks=1482024992,2680121939,1645158859,1600092898
dimwishlist:item=607191995&perks=839105230,1483536627,1645158859,1600092898
dimwishlist:item=607191995&perks=3661387068,1483536627,1645158859,1600092898
dimwishlist:item=607191995&perks=4090651448,1483536627,1645158859,1600092898
dimwishlist:item=607191995&perks=1467527085,1483536627,1645158859,1600092898
dimwishlist:item=607191995&perks=1840239774,1483536627,1645158859,1600092898
dimwishlist:item=607191995&perks=1482024992,1483536627,1645158859,1600092898
dimwishlist:item=607191995&perks=839105230,1687452232,1645158859,1600092898
dimwishlist:item=607191995&perks=3661387068,1687452232,1645158859,1600092898
dimwishlist:item=607191995&perks=4090651448,1687452232,1645158859,1600092898
dimwishlist:item=607191995&perks=1467527085,1687452232,1645158859,1600092898
dimwishlist:item=607191995&perks=1840239774,1687452232,1645158859,1600092898
dimwishlist:item=607191995&perks=1482024992,1687452232,1645158859,1600092898
dimwishlist:item=607191995&perks=839105230,3868766766,1645158859,1600092898
dimwishlist:item=607191995&perks=3661387068,3868766766,1645158859,1600092898
dimwishlist:item=607191995&perks=4090651448,3868766766,1645158859,1600092898
dimwishlist:item=607191995&perks=1467527085,3868766766,1645158859,1600092898
dimwishlist:item=607191995&perks=1840239774,3868766766,1645158859,1600092898
dimwishlist:item=607191995&perks=1482024992,3868766766,1645158859,1600092898