// Brass Attacks
dimwishlist:item=2121785039&perks=1467527085,1885400500,2450788523,4104185692
dimwishlist:item=2121785039&perks=3661387068,1885400500,2450788523,4104185692
dimwishlist:item=2121785039&perks=3250034553,1885400500,2450788523,4104185692

// Code Duello
dimwishlist:item=2496242052&perks=1478423395,3796465595,2869569095,4104185692
dimwishlist:item=2496242052&perks=1844523823,3796465595,2869569095,4104185692
dimwishlist:item=2496242052&perks=1478423395,1996142143,2869569095,4104185692
dimwishlist:item=2496242052&perks=1844523823,1996142143,2869569095,4104185692
dimwishlist:item=2496242052&perks=1478423395,3796465595,3300816228,4104185692
dimwishlist:item=2496242052&perks=1844523823,3796465595,3300816228,4104185692
dimwishlist:item=2496242052&perks=1478423395,1996142143,3300816228,4104185692
dimwishlist:item=2496242052&perks=1844523823,1996142143,3300816228,4104185692
dimwishlist:item=2496242052&perks=1478423395,3796465595,2869569095,3927722942
dimwishlist:item=2496242052&perks=1844523823,3796465595,2869569095,3927722942
dimwishlist:item=2496242052&perks=1478423395,1996142143,2869569095,3927722942
dimwishlist:item=2496242052&perks=1844523823,1996142143,2869569095,3927722942
dimwishlist:item=2496242052&perks=1478423395,3796465595,3300816228,3927722942
dimwishlist:item=2496242052&perks=1844523823,3796465595,3300816228,3927722942
dimwishlist:item=2496242052&perks=1478423395,1996142143,3300816228,3927722942
dimwishlist:item=2496242052&perks=1844523823,1996142143,3300816228,3927722942

// Extraordinary Rendition
dimwishlist:item=1097616550&perks=4090651448,3142289711,3643424744,4104185692
dimwishlist:item=1097616550&perks=3250034553,3142289711,3643424744,4104185692
dimwishlist:item=1097616550&perks=1482024992,3142289711,3643424744,4104185692
dimwishlist:item=1097616550&perks=4090651448,106909392,3643424744,4104185692
dimwishlist:item=1097616550&perks=3250034553,106909392,3643424744,4104185692
dimwishlist:item=1097616550&perks=1482024992,106909392,3643424744,4104185692

// Imperial Needle
dimwishlist:item=3460122497&perks=1196733167,3429800428,951095735,4104185692
dimwishlist:item=3460122497&perks=1784898267,3429800428,951095735,4104185692
dimwishlist:item=3460122497&perks=1784898267,3429800428,951095735,4104185692
dimwishlist:item=3460122497&perks=852209214,3429800428,951095735,4104185692
dimwishlist:item=3460122497&perks=2801223209,3429800428,951095735,4104185692
dimwishlist:item=3460122497&perks=4067834857,3429800428,951095735,4104185692
dimwishlist:item=3460122497&perks=1196733167,3827198035,951095735,4104185692
dimwishlist:item=3460122497&perks=1784898267,3827198035,951095735,4104185692
dimwishlist:item=3460122497&perks=1784898267,3827198035,951095735,4104185692
dimwishlist:item=3460122497&perks=852209214,3827198035,951095735,4104185692
dimwishlist:item=3460122497&perks=2801223209,3827198035,951095735,4104185692
dimwishlist:item=3460122497&perks=4067834857,3827198035,951095735,4104185692
dimwishlist:item=3460122497&perks=1196733167,3429800428,201365942,4104185692
dimwishlist:item=3460122497&perks=1784898267,3429800428,201365942,4104185692
dimwishlist:item=3460122497&perks=1784898267,3429800428,201365942,4104185692
dimwishlist:item=3460122497&perks=852209214,3429800428,201365942,4104185692
dimwishlist:item=3460122497&perks=2801223209,3429800428,201365942,4104185692
dimwishlist:item=3460122497&perks=4067834857,3429800428,201365942,4104185692
dimwishlist:item=3460122497&perks=1196733167,3827198035,201365942,4104185692
dimwishlist:item=3460122497&perks=1784898267,3827198035,201365942,4104185692
dimwishlist:item=3460122497&perks=1784898267,3827198035,201365942,4104185692
dimwishlist:item=3460122497&perks=852209214,3827198035,201365942,4104185692
dimwishlist:item=3460122497&perks=2801223209,3827198035,201365942,4104185692
dimwishlist:item=3460122497&perks=4067834857,3827198035,201365942,4104185692

// The Messenger
dimwishlist:item=3658188704&perks=839105230,1885400500,247725512,3047969693
dimwishlist:item=3658188704&perks=4090651448,1885400500,247725512,3047969693
dimwishlist:item=3658188704&perks=1482024992,1885400500,247725512,3047969693
dimwishlist:item=3658188704&perks=839105230,1885400500,1168162263,3047969693
dimwishlist:item=3658188704&perks=4090651448,1885400500,1168162263,3047969693
dimwishlist:item=3658188704&perks=1482024992,1885400500,1168162263,3047969693
dimwishlist:item=3658188704&perks=839105230,1561002382,247725512,3047969693
dimwishlist:item=3658188704&perks=4090651448,1561002382,247725512,3047969693
dimwishlist:item=3658188704&perks=1482024992,1561002382,247725512,3047969693
dimwishlist:item=3658188704&perks=839105230,1561002382,1168162263,3047969693
dimwishlist:item=3658188704&perks=4090651448,1561002382,1168162263,3047969693
dimwishlist:item=3658188704&perks=1482024992,1561002382,1168162263,3047969693
dimwishlist:item=3658188704&perks=839105230,1968497646,247725512,3047969693
dimwishlist:item=3658188704&perks=4090651448,1968497646,247725512,3047969693
dimwishlist:item=3658188704&perks=1482024992,1968497646,247725512,3047969693
dimwishlist:item=3658188704&perks=839105230,1968497646,1168162263,3047969693
dimwishlist:item=3658188704&perks=4090651448,1968497646,1168162263,3047969693
dimwishlist:item=3658188704&perks=1482024992,1968497646,1168162263,3047969693
dimwishlist:item=3658188704&perks=839105230,679225683,247725512,3047969693
dimwishlist:item=3658188704&perks=4090651448,679225683,247725512,3047969693
dimwishlist:item=3658188704&perks=1482024992,679225683,247725512,3047969693
dimwishlist:item=3658188704&perks=839105230,679225683,1168162263,3047969693
dimwishlist:item=3658188704&perks=4090651448,679225683,1168162263,3047969693
dimwishlist:item=3658188704&perks=1482024992,679225683,1168162263,3047969693

// The Messenger (Adept)
dimwishlist:item=1173780905&perks=839105230,1885400500,247725512,3047969693
dimwishlist:item=1173780905&perks=4090651448,1885400500,247725512,3047969693
dimwishlist:item=1173780905&perks=1482024992,1885400500,247725512,3047969693
dimwishlist:item=1173780905&perks=839105230,1885400500,1168162263,3047969693
dimwishlist:item=1173780905&perks=4090651448,1885400500,1168162263,3047969693
dimwishlist:item=1173780905&perks=1482024992,1885400500,1168162263,3047969693
dimwishlist:item=1173780905&perks=839105230,1561002382,247725512,3047969693
dimwishlist:item=1173780905&perks=4090651448,1561002382,247725512,3047969693
dimwishlist:item=1173780905&perks=1482024992,1561002382,247725512,3047969693
dimwishlist:item=1173780905&perks=839105230,1561002382,1168162263,3047969693
dimwishlist:item=1173780905&perks=4090651448,1561002382,1168162263,3047969693
dimwishlist:item=1173780905&perks=1482024992,1561002382,1168162263,3047969693
dimwishlist:item=1173780905&perks=839105230,1968497646,247725512,3047969693
dimwishlist:item=1173780905&perks=4090651448,1968497646,247725512,3047969693
dimwishlist:item=1173780905&perks=1482024992,1968497646,247725512,3047969693
dimwishlist:item=1173780905&perks=839105230,1968497646,1168162263,3047969693
dimwishlist:item=1173780905&perks=4090651448,1968497646,1168162263,3047969693
dimwishlist:item=1173780905&perks=1482024992,1968497646,1168162263,3047969693
dimwishlist:item=1173780905&perks=839105230,679225683,247725512,3047969693
dimwishlist:item=1173780905&perks=4090651448,679225683,247725512,3047969693
dimwishlist:item=1173780905&perks=1482024992,679225683,247725512,3047969693
dimwishlist:item=1173780905&perks=839105230,679225683,1168162263,3047969693
dimwishlist:item=1173780905&perks=4090651448,679225683,1168162263,3047969693
dimwishlist:item=1173780905&perks=1482024992,679225683,1168162263,3047969693

// Multimach CCX
dimwishlist:item=3717177717&perks=2209280307,3142289711,4071163871,1015611457
dimwishlist:item=3717177717&perks=2209280306,3142289711,4071163871,1015611457
dimwishlist:item=3717177717&perks=2209280307,3142289711,2450788523,1015611457
dimwishlist:item=3717177717&perks=2209280306,3142289711,2450788523,1015611457
dimwishlist:item=3717177717&perks=2209280307,1087426260,4071163871,1015611457
dimwishlist:item=3717177717&perks=2209280306,1087426260,4071163871,1015611457
dimwishlist:item=3717177717&perks=2209280307,1087426260,2450788523,1015611457
dimwishlist:item=3717177717&perks=2209280306,1087426260,2450788523,1015611457
dimwishlist:item=3717177717&perks=2209280307,106909392,4071163871,1015611457
dimwishlist:item=3717177717&perks=2209280306,106909392,4071163871,1015611457
dimwishlist:item=3717177717&perks=2209280307,106909392,2450788523,1015611457
dimwishlist:item=3717177717&perks=2209280306,106909392,2450788523,1015611457

// The Time-Worn Spire
dimwishlist:item=3593598010&perks=679077873,1885400500,2779035018,3425386926
dimwishlist:item=3593598010&perks=679077873,1561002382,2779035018,3425386926
dimwishlist:item=3593598010&perks=679077873,1968497646,2779035018,3425386926
dimwishlist:item=3593598010&perks=679077873,679225683,2779035018,3425386926
dimwishlist:item=3593598010&perks=13792279,1885400500,2779035018,3425386926
dimwishlist:item=3593598010&perks=13792279,1561002382,2779035018,3425386926
dimwishlist:item=3593598010&perks=13792279,1968497646,2779035018,3425386926
dimwishlist:item=3593598010&perks=13792279,679225683,2779035018,3425386926
dimwishlist:item=3593598010&perks=679077872,1885400500,2779035018,3425386926
dimwishlist:item=3593598010&perks=679077872,1561002382,2779035018,3425386926
dimwishlist:item=3593598010&perks=679077872,1968497646,2779035018,3425386926
dimwishlist:item=3593598010&perks=679077872,679225683,2779035018,3425386926
dimwishlist:item=3593598010&perks=13792278,1885400500,2779035018,3425386926
dimwishlist:item=3593598010&perks=13792278,1561002382,2779035018,3425386926
dimwishlist:item=3593598010&perks=13792278,1968497646,2779035018,3425386926
dimwishlist:item=3593598010&perks=13792278,679225683,2779035018,3425386926

// Adored (for control)
dimwishlist:item=4184808992&perks=3250034553,3142289711,2450788523,957782887
